{
    "asset": {
        "version": "2.0",
        "generator": "Open Asset Import Library (assimp v5.4.0)"
    },
    "extensionsUsed": [
        "KHR_materials_volume",
        "FB_ngon_encoding"
    ],
    "accessors": [
        {
            "bufferView": 0,
            "byteOffset": 0,
            "componentType": 5126,
            "count": 28,
            "type": "VEC3",
            "max": [
                0.07925999909639359,
                1.6629799604415894,
                0.04847000166773796
            ],
            "min": [
                -0.07925999909639359,
                1.6115200519561768,
                0.038750000298023224
            ]
        },
        {
            "bufferView": 1,
            "byteOffset": 0,
            "componentType": 5126,
            "count": 28,
            "type": "VEC3",
            "max": [
                0.9697343707084656,
                0.7596248984336853,
                0.9237880110740662
            ],
            "min": [
                -0.9697343707084656,
                -0.6444960236549377,
                -0.5183948874473572
            ]
        },
        {
            "bufferView": 2,
            "byteOffset": 0,
            "componentType": 5126,
            "count": 28,
            "type": "VEC2",
            "max": [
                0.9797481894493103,
                0.12755554914474487
            ],
            "min": [
                0.020218968391418457,
                0.084042489528656
            ]
        },
        {
            "bufferView": 3,
            "byteOffset": 0,
            "componentType": 5125,
            "count": 32,
            "type": "SCALAR",
            "max": [
                27
            ],
            "min": [
                0
            ]
        },
        {
            "bufferView": 4,
            "byteOffset": 0,
            "componentType": 5123,
            "count": 28,
            "type": "VEC4",
            "max": [
                0,
                0,
                0,
                0
            ],
            "min": [
                0,
                0,
                0,
                0
            ]
        },
        {
            "bufferView": 5,
            "byteOffset": 0,
            "componentType": 5126,
            "count": 28,
            "type": "VEC4",
            "max": [
                1.0,
                0.0,
                0.0,
                0.0
            ],
            "min": [
                1.0,
                0.0,
                0.0,
                0.0
            ]
        },
        {
            "bufferView": 6,
            "byteOffset": 0,
            "componentType": 5126,
            "count": 15001,
            "type": "VEC3",
            "max": [
                0.8010799884796143,
                1.7616100311279297,
                0.24365000426769257
            ],
            "min": [
                -0.8010799884796143,
                -0.001230000052601099,
                -0.09444999694824219
            ]
        },
        {
            "bufferView": 7,
            "byteOffset": 0,
            "componentType": 5126,
            "count": 15001,
            "type": "VEC3",
            "max": [
                0.9999615550041199,
                0.999995231628418,
                0.9999997615814209
            ],
            "min": [
                -0.9999615550041199,
                -0.9999912977218628,
                -0.9999994039535522
            ]
        },
        {
            "bufferView": 8,
            "byteOffset": 0,
            "componentType": 5126,
            "count": 15001,
            "type": "VEC2",
            "max": [
                0.99803626537323,
                0.9974261522293091
            ],
            "min": [
                0.001963794231414795,
                0.0033881068229675293
            ]
        },
        {
            "bufferView": 9,
            "byteOffset": 0,
            "componentType": 5125,
            "count": 79308,
            "type": "SCALAR",
            "max": [
                15000
            ],
            "min": [
                0
            ]
        },
        {
            "bufferView": 10,
            "byteOffset": 0,
            "componentType": 5123,
            "count": 15001,
            "type": "VEC4",
            "max": [
                60,
                60,
                60,
                60
            ],
            "min": [
                0,
                0,
                0,
                0
            ]
        },
        {
            "bufferView": 11,
            "byteOffset": 0,
            "componentType": 5126,
            "count": 15001,
            "type": "VEC4",
            "max": [
                1.0,
                0.4999994933605194,
                0.3056860566139221,
                0.20033323764801025
            ],
            "min": [
                0.28463876247406006,
                0.0,
                0.0,
                0.0
            ]
        },
        {
            "bufferView": 12,
            "byteOffset": 0,
            "componentType": 5126,
            "count": 604,
            "type": "VEC3",
            "max": [
                0.04977000132203102,
                1.6676599979400635,
                0.13940000534057617
            ],
            "min": [
                -0.04977000132203102,
                1.6332900524139404,
                0.10458999872207642
            ]
        },
        {
            "bufferView": 13,
            "byteOffset": 0,
            "componentType": 5126,
            "count": 604,
            "type": "VEC3",
            "max": [
                1.0,
                1.0,
                0.9999998807907104
            ],
            "min": [
                -1.0,
                -1.0,
                -1.0
            ]
        },
        {
            "bufferView": 14,
            "byteOffset": 0,
            "componentType": 5126,
            "count": 604,
            "type": "VEC2",
            "max": [
                0.9948922991752625,
                0.05508124828338623
            ],
            "min": [
                0.16424453258514404,
                0.004409074783325195
            ]
        },
        {
            "bufferView": 15,
            "byteOffset": 0,
            "componentType": 5125,
            "count": 3408,
            "type": "SCALAR",
            "max": [
                603
            ],
            "min": [
                0
            ]
        },
        {
            "bufferView": 16,
            "byteOffset": 0,
            "componentType": 5123,
            "count": 604,
            "type": "VEC4",
            "max": [
                0,
                1,
                4,
                31
            ],
            "min": [
                0,
                0,
                0,
                0
            ]
        },
        {
            "bufferView": 17,
            "byteOffset": 0,
            "componentType": 5126,
            "count": 604,
            "type": "VEC4",
            "max": [
                1.0,
                0.0,
                0.0,
                0.0
            ],
            "min": [
                1.0,
                0.0,
                0.0,
                0.0
            ]
        },
        {
            "bufferView": 18,
            "byteOffset": 0,
            "componentType": 5126,
            "count": 725,
            "type": "VEC3",
            "max": [
                0.04878000169992447,
                1.6666699647903442,
                0.13830000162124634
            ],
            "min": [
                -0.04878000169992447,
                1.6342799663543701,
                0.1055700033903122
            ]
        },
        {
            "bufferView": 19,
            "byteOffset": 0,
            "componentType": 5126,
            "count": 725,
            "type": "VEC3",
            "max": [
                1.0,
                1.0,
                1.0
            ],
            "min": [
                -1.0,
                -0.9999998807907104,
                -1.0
            ]
        },
        {
            "bufferView": 20,
            "byteOffset": 0,
            "componentType": 5126,
            "count": 725,
            "type": "VEC2",
            "max": [
                0.9937053322792053,
                0.8366014957427979
            ],
            "min": [
                0.26317399740219116,
                0.005452632904052734
            ]
        },
        {
            "bufferView": 21,
            "byteOffset": 0,
            "componentType": 5125,
            "count": 4128,
            "type": "SCALAR",
            "max": [
                724
            ],
            "min": [
                0
            ]
        },
        {
            "bufferView": 22,
            "byteOffset": 0,
            "componentType": 5123,
            "count": 725,
            "type": "VEC4",
            "max": [
                0,
                1,
                4,
                31
            ],
            "min": [
                0,
                0,
                0,
                0
            ]
        },
        {
            "bufferView": 23,
            "byteOffset": 0,
            "componentType": 5126,
            "count": 725,
            "type": "VEC4",
            "max": [
                1.0,
                0.0,
                0.0,
                0.0
            ],
            "min": [
                1.0,
                0.0,
                0.0,
                0.0
            ]
        },
        {
            "bufferView": 24,
            "byteOffset": 0,
            "componentType": 5126,
            "count": 2176,
            "type": "VEC3",
            "max": [
                0.04887000098824501,
                1.6596100330352783,
                0.14395000040531158
            ],
            "min": [
                -0.04887000098824501,
                1.6441899538040161,
                0.13298000395298004
            ]
        },
        {
            "bufferView": 25,
            "byteOffset": 0,
            "componentType": 5126,
            "count": 2176,
            "type": "VEC3",
            "max": [
                0.9234073758125305,
                0.9882402420043945,
                0.9994683861732483
            ],
            "min": [
                -0.9234073758125305,
                -0.9989668130874634,
                -0.6244136095046997
            ]
        },
        {
            "bufferView": 26,
            "byteOffset": 0,
            "componentType": 5126,
            "count": 2176,
            "type": "VEC2",
            "max": [
                0.03859102725982666,
                0.03859740495681763
            ],
            "min": [
                0.0027954578399658203,
                0.0028018951416015625
            ]
        },
        {
            "bufferView": 27,
            "byteOffset": 0,
            "componentType": 5125,
            "count": 3264,
            "type": "SCALAR",
            "max": [
                2175
            ],
            "min": [
                0
            ]
        },
        {
            "bufferView": 28,
            "byteOffset": 0,
            "componentType": 5123,
            "count": 2176,
            "type": "VEC4",
            "max": [
                0,
                1,
                4,
                31
            ],
            "min": [
                0,
                0,
                0,
                0
            ]
        },
        {
            "bufferView": 29,
            "byteOffset": 0,
            "componentType": 5126,
            "count": 2176,
            "type": "VEC4",
            "max": [
                1.0,
                0.0,
                0.0,
                0.0
            ],
            "min": [
                1.0,
                0.0,
                0.0,
                0.0
            ]
        },
        {
            "bufferView": 30,
            "byteOffset": 0,
            "componentType": 5126,
            "count": 2528,
            "type": "VEC3",
            "max": [
                0.02824000082910061,
                1.594249963760376,
                0.1521800011396408
            ],
            "min": [
                -0.02824000082910061,
                1.575510025024414,
                0.10796000063419342
            ]
        },
        {
            "bufferView": 31,
            "byteOffset": 0,
            "componentType": 5126,
            "count": 2528,
            "type": "VEC3",
            "max": [
                0.9996559023857117,
                0.9977951049804688,
                0.9995809197425842
            ],
            "min": [
                -0.9996559023857117,
                -0.9994552731513977,
                -0.9987620115280151
            ]
        },
        {
            "bufferView": 32,
            "byteOffset": 0,
            "componentType": 5126,
            "count": 2528,
            "type": "VEC2",
            "max": [
                0.9911367893218994,
                0.6999302506446838
            ],
            "min": [
                0.008861243724822998,
                0.5592004656791687
            ]
        },
        {
            "bufferView": 33,
            "byteOffset": 0,
            "componentType": 5125,
            "count": 13056,
            "type": "SCALAR",
            "max": [
                2527
            ],
            "min": [
                0
            ]
        },
        {
            "bufferView": 34,
            "byteOffset": 0,
            "componentType": 5123,
            "count": 2528,
            "type": "VEC4",
            "max": [
                0,
                1,
                4,
                31
            ],
            "min": [
                0,
                0,
                0,
                0
            ]
        },
        {
            "bufferView": 35,
            "byteOffset": 0,
            "componentType": 5126,
            "count": 2528,
            "type": "VEC4",
            "max": [
                1.0,
                0.0,
                0.0,
                0.0
            ],
            "min": [
                1.0,
                0.0,
                0.0,
                0.0
            ]
        },
        {
            "bufferView": 36,
            "byteOffset": 0,
            "componentType": 5126,
            "count": 61,
            "type": "MAT4",
            "max": [
                1.0,
                0.9677215814590454,
                0.8078585863113403,
                0.0,
                0.9734062552452087,
                0.9999774694442749,
                0.9890340566635132,
                0.0,
                0.9999932050704956,
                0.9852646589279175,
                0.9999841451644897,
                0.0,
                1.4191172122955322,
                0.9175915718078613,
                1.297480583190918,
                1.0
            ],
            "min": [
                -0.9981371760368347,
                -0.9677214026451111,
                -0.8078585267066956,
                0.0,
                -0.9734064936637878,
                -0.9959765672683716,
                -0.9926429390907288,
                0.0,
                -0.9994043111801147,
                -0.5582113862037659,
                -0.2503836452960968,
                0.0,
                -1.4191170930862427,
                -1.5957292318344116,
                -1.3173894882202148,
                1.0
            ]
        }
    ],
    "buffers": [
        {
            "byteLength": 1764656,
            "uri": "BaseHuman.bin"
        }
    ],
    "bufferViews": [
        {
            "buffer": 0,
            "byteOffset": 0,
            "byteLength": 336,
            "target": 34962
        },
        {
            "buffer": 0,
            "byteOffset": 336,
            "byteLength": 336,
            "target": 34962
        },
        {
            "buffer": 0,
            "byteOffset": 672,
            "byteLength": 224,
            "target": 34962
        },
        {
            "buffer": 0,
            "byteOffset": 896,
            "byteLength": 128,
            "target": 34963
        },
        {
            "buffer": 0,
            "byteOffset": 1024,
            "byteLength": 224
        },
        {
            "buffer": 0,
            "byteOffset": 1472,
            "byteLength": 448
        },
        {
            "buffer": 0,
            "byteOffset": 1920,
            "byteLength": 180012,
            "target": 34962
        },
        {
            "buffer": 0,
            "byteOffset": 181932,
            "byteLength": 180012,
            "target": 34962
        },
        {
            "buffer": 0,
            "byteOffset": 361944,
            "byteLength": 120008,
            "target": 34962
        },
        {
            "buffer": 0,
            "byteOffset": 481952,
            "byteLength": 317232,
            "target": 34963
        },
        {
            "buffer": 0,
            "byteOffset": 799184,
            "byteLength": 120008
        },
        {
            "buffer": 0,
            "byteOffset": 1039200,
            "byteLength": 240016
        },
        {
            "buffer": 0,
            "byteOffset": 1279216,
            "byteLength": 7248,
            "target": 34962
        },
        {
            "buffer": 0,
            "byteOffset": 1286464,
            "byteLength": 7248,
            "target": 34962
        },
        {
            "buffer": 0,
            "byteOffset": 1293712,
            "byteLength": 4832,
            "target": 34962
        },
        {
            "buffer": 0,
            "byteOffset": 1298544,
            "byteLength": 13632,
            "target": 34963
        },
        {
            "buffer": 0,
            "byteOffset": 1312176,
            "byteLength": 4832
        },
        {
            "buffer": 0,
            "byteOffset": 1321840,
            "byteLength": 9664
        },
        {
            "buffer": 0,
            "byteOffset": 1331504,
            "byteLength": 8700,
            "target": 34962
        },
        {
            "buffer": 0,
            "byteOffset": 1340204,
            "byteLength": 8700,
            "target": 34962
        },
        {
            "buffer": 0,
            "byteOffset": 1348904,
            "byteLength": 5800,
            "target": 34962
        },
        {
            "buffer": 0,
            "byteOffset": 1354704,
            "byteLength": 16512,
            "target": 34963
        },
        {
            "buffer": 0,
            "byteOffset": 1371216,
            "byteLength": 5800
        },
        {
            "buffer": 0,
            "byteOffset": 1382816,
            "byteLength": 11600
        },
        {
            "buffer": 0,
            "byteOffset": 1394416,
            "byteLength": 26112,
            "target": 34962
        },
        {
            "buffer": 0,
            "byteOffset": 1420528,
            "byteLength": 26112,
            "target": 34962
        },
        {
            "buffer": 0,
            "byteOffset": 1446640,
            "byteLength": 17408,
            "target": 34962
        },
        {
            "buffer": 0,
            "byteOffset": 1464048,
            "byteLength": 13056,
            "target": 34963
        },
        {
            "buffer": 0,
            "byteOffset": 1477104,
            "byteLength": 17408
        },
        {
            "buffer": 0,
            "byteOffset": 1511920,
            "byteLength": 34816
        },
        {
            "buffer": 0,
            "byteOffset": 1546736,
            "byteLength": 30336,
            "target": 34962
        },
        {
            "buffer": 0,
            "byteOffset": 1577072,
            "byteLength": 30336,
            "target": 34962
        },
        {
            "buffer": 0,
            "byteOffset": 1607408,
            "byteLength": 20224,
            "target": 34962
        },
        {
            "buffer": 0,
            "byteOffset": 1627632,
            "byteLength": 52224,
            "target": 34963
        },
        {
            "buffer": 0,
            "byteOffset": 1679856,
            "byteLength": 20224
        },
        {
            "buffer": 0,
            "byteOffset": 1720304,
            "byteLength": 40448
        },
        {
            "buffer": 0,
            "byteOffset": 1760752,
            "byteLength": 3904
        }
    ],
    "materials": [
        {
            "name": "human_skin.001",
            "pbrMetallicRoughness": {
                "baseColorFactor": [
                    0.9403921365737915,
                    0.6680561900138855,
                    0.36523574590682983,
                    1.0
                ],
                "metallicFactor": 0.0,
                "roughnessFactor": 0.5
            },
            "doubleSided": true
        },
        {
            "name": "cornea.001",
            "pbrMetallicRoughness": {
                "baseColorFactor": [
                    0.800000011920929,
                    0.800000011920929,
                    0.800000011920929,
                    1.0
                ],
                "metallicFactor": 0.0,
                "roughnessFactor": 0.5
            },
            "doubleSided": true
        }
    ],
    "meshes": [
        {
            "name": "meshes[0]",
            "primitives": [
                {
                    "mode": 1,
                    "material": 0,
                    "indices": 3,
                    "attributes": {
                        "POSITION": 0,
                        "NORMAL": 1,
                        "TEXCOORD_0": 2,
                        "JOINTS_0": 4,
                        "WEIGHTS_0": 5
                    }
                },
                {
                    "mode": 4,
                    "material": 0,
                    "indices": 9,
                    "attributes": {
                        "POSITION": 6,
                        "NORMAL": 7,
                        "TEXCOORD_0": 8,
                        "JOINTS_0": 10,
                        "WEIGHTS_0": 11
                    }
                }
            ]
        },
        {
            "name": "meshes[1]",
            "primitives": [
                {
                    "mode": 4,
                    "material": 1,
                    "indices": 15,
                    "attributes": {
                        "POSITION": 12,
                        "NORMAL": 13,
                        "TEXCOORD_0": 14,
                        "JOINTS_0": 16,
                        "WEIGHTS_0": 17
                    }
                }
            ]
        },
        {
            "name": "meshes[2]",
            "primitives": [
                {
                    "mode": 4,
                    "material": 1,
                    "indices": 21,
                    "attributes": {
                        "POSITION": 18,
                        "NORMAL": 19,
                        "TEXCOORD_0": 20,
                        "JOINTS_0": 22,
                        "WEIGHTS_0": 23
                    }
                }
            ]
        },
        {
            "name": "meshes[3]",
            "primitives": [
                {
                    "mode": 4,
                    "material": 1,
                    "indices": 27,
                    "attributes": {
                        "POSITION": 24,
                        "NORMAL": 25,
                        "TEXCOORD_0": 26,
                        "JOINTS_0": 28,
                        "WEIGHTS_0": 29
                    }
                }
            ]
        },
        {
            "name": "meshes[4]",
            "primitives": [
                {
                    "mode": 4,
                    "material": 1,
                    "indices": 33,
                    "attributes": {
                        "POSITION": 30,
                        "NORMAL": 31,
                        "TEXCOORD_0": 32,
                        "JOINTS_0": 34,
                        "WEIGHTS_0": 35
                    }
                }
            ]
        }
    ],
    "nodes": [
        {
            "name": "BaseHuman",
            "children": [
                1
            ]
        },
        {
            "name": "skeleton_human_male",
            "children": [
                2,
                63
            ],
            "extras": {
                "name": "skeleton_human_male"
            }
        },
        {
            "name": "root",
            "matrix": [
                1.0,
                -0.0000024852820388332475,
                -4.427321300681797e-7,
                0.0,
                6.994622658851313e-9,
                -0.17265206575393677,
                0.9849828481674194,
                0.0,
                -0.0000025243821255571675,
                -0.9849764108657837,
                -0.17265093326568604,
                0.0,
                -6.332993685020938e-9,
                0.053950995206832886,
                -0.017877500504255295,
                1.0
            ],
            "children": [
                3
            ],
            "extras": {
                "name": "root"
            }
        },
        {
            "name": "pelvis",
            "matrix": [
                1.0,
                2.90672204528164e-7,
                -0.000002690883547984413,
                0.0,
                -0.000002215864014942781,
                -0.48296263813972473,
                -0.8756409883499146,
                0.0,
                -0.0000015541204447799828,
                0.875640869140625,
                -0.48296257853507996,
                0.0,
                -0.000001992644001802546,
                -0.09855523705482483,
                -0.7921409010887146,
                1.0
            ],
            "children": [
                4,
                8,
                12
            ],
            "extras": {
                "name": "pelvis"
            }
        },
        {
            "name": "thigh_R",
            "matrix": [
                -0.9959785342216492,
                0.08557440340518951,
                0.02653275988996029,
                0.0,
                -0.0895652025938034,
                -0.9435791373252869,
                -0.3188057839870453,
                0.0,
                -0.0022458613384515047,
                -0.3199005424976349,
                0.9474502205848694,
                0.0,
                -0.11562849581241608,
                0.07975883781909943,
                0.015711873769760132,
                1.0
            ],
            "children": [
                5
            ],
            "extras": {
                "name": "thigh_R"
            }
        },
        {
            "name": "calf_R",
            "matrix": [
                0.9991797208786011,
                -0.009604621678590775,
                -0.039340004324913025,
                0.0,
                0.008792931213974953,
                0.9997459650039673,
                -0.020754024386405945,
                0.0,
                0.03952934592962265,
                0.020391086116433144,
                0.9990103244781494,
                0.0,
                1.1394149623811245e-8,
                0.43598705530166626,
                -8.149072527885437e-10,
                1.0
            ],
            "children": [
                6
            ],
            "extras": {
                "name": "calf_R"
            }
        },
        {
            "name": "foot_R",
            "matrix": [
                0.9979794025421143,
                0.0632174015045166,
                -0.006396545097231865,
                0.0,
                -0.024547336623072624,
                0.4764419496059418,
                0.8788632154464722,
                0.0,
                0.05860702320933342,
                -0.876930296421051,
                0.47703102231025696,
                0.0,
                1.5279510989785194e-8,
                0.3955303728580475,
                -6.984919309616089e-10,
                1.0
            ],
            "children": [
                7
            ],
            "extras": {
                "name": "foot_R"
            }
        },
        {
            "name": "toes_R",
            "matrix": [
                -0.9961449503898621,
                0.08666254580020905,
                0.013603846542537212,
                0.0,
                0.0850597620010376,
                0.9162818193435669,
                0.39139866828918457,
                0.0,
                0.021454639732837677,
                0.39104682207107544,
                -0.9201207756996155,
                0.0,
                -1.1641532182693481e-10,
                0.169244185090065,
                2.0954757928848267e-9,
                1.0
            ],
            "extras": {
                "name": "toes_R"
            }
        },
        {
            "name": "thigh_L",
            "matrix": [
                -0.9959786534309387,
                -0.08557441085577011,
                -0.02653205767273903,
                0.0,
                0.0895649865269661,
                -0.9435792565345764,
                -0.31880587339401245,
                0.0,
                0.0022465286310762167,
                -0.3199004828929901,
                0.9474499821662903,
                0.0,
                0.11562851071357727,
                0.07975883781909943,
                0.015711797401309013,
                1.0
            ],
            "children": [
                9
            ],
            "extras": {
                "name": "thigh_L"
            }
        },
        {
            "name": "calf_L",
            "matrix": [
                0.9991797208786011,
                0.00960464496165514,
                0.039340004324913025,
                0.0,
                -0.008792953565716743,
                0.9997459053993225,
                -0.02075403742492199,
                0.0,
                -0.03952934592962265,
                0.020391101017594337,
                0.9990103244781494,
                0.0,
                -3.007880877703428e-8,
                0.43598705530166626,
                -3.2014213502407074e-10,
                1.0
            ],
            "children": [
                10
            ],
            "extras": {
                "name": "calf_L"
            }
        },
        {
            "name": "foot_L",
            "matrix": [
                0.9979794025421143,
                -0.063217394053936,
                0.00639654416590929,
                0.0,
                0.024547334760427475,
                0.4764419198036194,
                0.8788631558418274,
                0.0,
                -0.05860701575875282,
                -0.876930296421051,
                0.47703102231025696,
                0.0,
                -1.2398231774568558e-8,
                0.3955303132534027,
                2.3283064365386963e-10,
                1.0
            ],
            "children": [
                11
            ],
            "extras": {
                "name": "foot_L"
            }
        },
        {
            "name": "toes_L",
            "matrix": [
                0.9943881630897522,
                0.10286713391542435,
                -0.02471364662051201,
                0.0,
                -0.08505973219871521,
                0.9162816405296326,
                0.39139845967292786,
                0.0,
                0.06290669739246368,
                -0.38709986209869385,
                0.919889509677887,
                0.0,
                -1.7229467630386353e-8,
                0.169244185090065,
                -6.984919309616089e-9,
                1.0
            ],
            "extras": {
                "name": "toes_L"
            }
        },
        {
            "name": "spine01",
            "matrix": [
                1.0,
                -2.752768750724499e-7,
                6.290603238312542e-8,
                0.0,
                2.147260431684117e-7,
                0.8859983682632446,
                0.46368858218193054,
                0.0,
                -1.833773666248817e-7,
                -0.46368855237960815,
                0.8859982490539551,
                0.0,
                -5.440092820663267e-15,
                0.17656853795051575,
                2.9802322387695313e-8,
                1.0
            ],
            "children": [
                13
            ],
            "extras": {
                "name": "spine01"
            }
        },
        {
            "name": "spine02",
            "matrix": [
                1.0,
                2.0182659454803797e-7,
                -2.5668165903880436e-7,
                0.0,
                -2.588379288681608e-7,
                0.9691835045814514,
                -0.2463397979736328,
                0.0,
                1.9905370152173418e-7,
                0.2463397979736328,
                0.9691835045814514,
                0.0,
                1.2878587085651816e-14,
                0.11461754888296127,
                -9.313227522511625e-9,
                1.0
            ],
            "children": [
                14
            ],
            "extras": {
                "name": "spine02"
            }
        },
        {
            "name": "spine03",
            "matrix": [
                1.0,
                -1.37444231995687e-7,
                1.5167707090313343e-7,
                0.0,
                1.2331939558407612e-7,
                0.9959877729415894,
                0.08948870748281479,
                0.0,
                -1.633682273904924e-7,
                -0.08948870748281479,
                0.9959877729415894,
                0.0,
                -1.687538997430238e-14,
                0.1140708327293396,
                3.725291630729544e-9,
                1.0
            ],
            "children": [
                15,
                38,
                61
            ],
            "extras": {
                "name": "spine03"
            }
        },
        {
            "name": "clavicle_L",
            "matrix": [
                -0.22853942215442657,
                -0.9732475280761719,
                -0.023644944652915,
                0.0,
                0.9677216410636902,
                -0.22445756196975708,
                -0.11460253596305847,
                0.0,
                0.10622934252023697,
                -0.049072910100221634,
                0.9931299090385437,
                0.0,
                0.03389066830277443,
                0.20402786135673523,
                0.056509245187044144,
                1.0
            ],
            "children": [
                16
            ],
            "extras": {
                "name": "clavicle_L"
            }
        },
        {
            "name": "upperarm_L",
            "matrix": [
                0.9400296807289124,
                -0.34092673659324646,
                -0.010638046078383923,
                0.0,
                0.33831819891929626,
                0.9279599785804749,
                0.15630458295345306,
                0.0,
                -0.04341672733426094,
                -0.15052998065948486,
                0.987651526927948,
                0.0,
                1.8102582544088364e-8,
                0.15385405719280243,
                -3.725290298461914e-9,
                1.0
            ],
            "children": [
                17
            ],
            "extras": {
                "name": "upperarm_L"
            }
        },
        {
            "name": "lowerarm_L",
            "matrix": [
                0.9912794232368469,
                0.12328842282295227,
                -0.04652866721153259,
                0.0,
                -0.12345528602600098,
                0.9923498034477234,
                -0.0007188751478679478,
                0.0,
                0.04608409106731415,
                0.00645681656897068,
                0.9989166259765625,
                0.0,
                9.380164556205273e-8,
                0.26596176624298096,
                0.0,
                1.0
            ],
            "children": [
                18
            ],
            "extras": {
                "name": "lowerarm_L"
            }
        },
        {
            "name": "hand_L",
            "matrix": [
                -0.15584811568260193,
                0.10823732614517212,
                -0.9818331599235535,
                0.0,
                0.16753700375556946,
                0.9824735522270203,
                0.08171448856592178,
                0.0,
                0.973469614982605,
                -0.1517583131790161,
                -0.17125040292739868,
                0.0,
                -1.8224818632006645e-7,
                0.2856763005256653,
                9.313225746154785e-10,
                1.0
            ],
            "children": [
                19,
                22,
                26,
                30,
                34
            ],
            "extras": {
                "name": "hand_L"
            }
        },
        {
            "name": "thumb01_L",
            "matrix": [
                -0.15904061496257782,
                -0.5086917877197266,
                0.8461316227912903,
                0.0,
                -0.8400214910507202,
                0.5200181603431702,
                0.15474122762680054,
                0.0,
                -0.5187194347381592,
                -0.6861586570739746,
                -0.5100160837173462,
                0.0,
                -0.01613517478108406,
                0.017117172479629517,
                0.00206089299172163,
                1.0
            ],
            "children": [
                20
            ],
            "extras": {
                "name": "thumb01_L"
            }
        },
        {
            "name": "thumb02_L",
            "matrix": [
                0.9930236339569092,
                0.10338755697011948,
                0.05670081079006195,
                0.0,
                -0.10633402317762375,
                0.9929869771003723,
                0.05166948586702347,
                0.0,
                -0.05096118152141571,
                -0.05733824521303177,
                0.9970531463623047,
                0.0,
                -8.149072527885437e-8,
                0.043551914393901825,
                5.960464477539063e-8,
                1.0
            ],
            "children": [
                21
            ],
            "extras": {
                "name": "thumb02_L"
            }
        },
        {
            "name": "thumb03_L",
            "matrix": [
                0.9993910789489746,
                -0.03410636633634567,
                -0.007345032412558794,
                0.0,
                0.028304822742938995,
                0.9157147407531738,
                -0.40083056688308716,
                0.0,
                0.02039683237671852,
                0.4003787040710449,
                0.9161227345466614,
                0.0,
                5.587935447692871e-9,
                0.037427954375743866,
                -1.1175870895385742e-8,
                1.0
            ],
            "extras": {
                "name": "thumb03_L"
            }
        },
        {
            "name": "index00_L",
            "matrix": [
                -0.85407555103302,
                -0.48668035864830017,
                0.18356798589229584,
                0.0,
                -0.5162765383720398,
